Aem epsI3 epsA omega0 a0 chi res
2.19325e+00 -2.00000e-06 1.00000e-10 6.28319e+02 1.00000e+00 8.59000e+01 1.88269e-21
2.79480e+00 -2.00000e-06 1.27427e-10 6.28319e+02 1.00000e+00 8.59000e+01 2.09801e-21
3.56134e+00 -2.00000e-06 1.62378e-10 6.28319e+02 1.00000e+00 8.59000e+01 2.41997e-21
4.53813e+00 -2.00000e-06 2.06914e-10 6.28319e+02 1.00000e+00 8.59000e+01 2.80920e-21
5.78282e+00 -2.00000e-06 2.63665e-10 6.28319e+02 1.00000e+00 8.59000e+01 3.86433e-21
7.36891e+00 -2.00000e-06 3.35982e-10 6.28319e+02 1.00000e+00 8.59000e+01 5.38277e-21
9.39001e+00 -2.00000e-06 4.28133e-10 6.28319e+02 1.00000e+00 8.59000e+01 7.98274e-21
1.19655e+01 -2.00000e-06 5.45559e-10 6.28319e+02 1.00000e+00 8.59000e+01 1.21424e-20
1.52473e+01 -2.00000e-06 6.95193e-10 6.28319e+02 1.00000e+00 8.59000e+01 1.97902e-20
1.94292e+01 -2.00000e-06 8.85867e-10 6.28319e+02 1.00000e+00 8.59000e+01 3.20363e-20
2.47582e+01 -2.00000e-06 1.12884e-09 6.28319e+02 1.00000e+00 8.59000e+01 5.37324e-20
3.15487e+01 -2.00000e-06 1.43845e-09 6.28319e+02 1.00000e+00 8.59000e+01 9.27613e-20
4.02018e+01 -2.00000e-06 1.83298e-09 6.28319e+02 1.00000e+00 8.59000e+01 1.61085e-19
5.12281e+01 -2.00000e-06 2.33572e-09 6.28319e+02 1.00000e+00 8.59000e+01 2.88947e-19
6.52787e+01 -2.00000e-06 2.97635e-09 6.28319e+02 1.00000e+00 8.59000e+01 5.35877e-19
8.31830e+01 -2.00000e-06 3.79269e-09 6.28319e+02 1.00000e+00 8.59000e+01 1.02449e-18
1.05998e+02 -2.00000e-06 4.83293e-09 6.28319e+02 1.00000e+00 8.59000e+01 2.06260e-18
1.35071e+02 -2.00000e-06 6.15848e-09 6.28319e+02 1.00000e+00 8.59000e+01 4.33392e-18
1.72117e+02 -2.00000e-06 7.84760e-09 6.28319e+02 1.00000e+00 8.59000e+01 9.50680e-18
2.19325e+02 -2.00000e-06 1.00000e-08 6.28319e+02 1.00000e+00 8.59000e+01 2.17046e-17
2.19325e+00 -2.00000e-06 1.00000e-10 6.28319e+02 2.00000e+00 8.59000e+01 2.93640e-18
2.79480e+00 -2.00000e-06 1.27427e-10 6.28319e+02 2.00000e+00 8.59000e+01 1.87240e-18
3.56134e+00 -2.00000e-06 1.62378e-10 6.28319e+02 2.00000e+00 8.59000e+01 1.11943e-18
4.53813e+00 -2.00000e-06 2.06914e-10 6.28319e+02 2.00000e+00 8.59000e+01 2.04948e-18
5.78282e+00 -2.00000e-06 2.63665e-10 6.28319e+02 2.00000e+00 8.59000e+01 1.98933e-18
7.36891e+00 -2.00000e-06 3.35982e-10 6.28319e+02 2.00000e+00 8.59000e+01 1.04250e-18
9.39001e+00 -2.00000e-06 4.28133e-10 6.28319e+02 2.00000e+00 8.59000e+01 7.35687e-19
1.19655e+01 -2.00000e-06 5.45559e-10 6.28319e+02 2.00000e+00 8.59000e+01 1.49281e-18
1.52473e+01 -2.00000e-06 6.95193e-10 6.28319e+02 2.00000e+00 8.59000e+01 1.86336e-18
1.94292e+01 -2.00000e-06 8.85867e-10 6.28319e+02 2.00000e+00 8.59000e+01 3.14056e-18
2.47582e+01 -2.00000e-06 1.12884e-09 6.28319e+02 2.00000e+00 8.59000e+01 1.48036e-18
3.15487e+01 -2.00000e-06 1.43845e-09 6.28319e+02 2.00000e+00 8.59000e+01 2.64373e-18
4.02018e+01 -2.00000e-06 1.83298e-09 6.28319e+02 2.00000e+00 8.59000e+01 4.13213e-18
5.12281e+01 -2.00000e-06 2.33572e-09 6.28319e+02 2.00000e+00 8.59000e+01 3.51821e-18
6.52787e+01 -2.00000e-06 2.97635e-09 6.28319e+02 2.00000e+00 8.59000e+01 3.37442e-18
8.31830e+01 -2.00000e-06 3.79269e-09 6.28319e+02 2.00000e+00 8.59000e+01 5.14326e-18
1.05998e+02 -2.00000e-06 4.83293e-09 6.28319e+02 2.00000e+00 8.59000e+01 8.88450e-18
1.35071e+02 -2.00000e-06 6.15848e-09 6.28319e+02 2.00000e+00 8.59000e+01 2.06715e-17
1.72117e+02 -2.00000e-06 7.84760e-09 6.28319e+02 2.00000e+00 8.59000e+01 3.19049e-17
2.19325e+02 -2.00000e-06 1.00000e-08 6.28319e+02 2.00000e+00 8.59000e+01 6.01272e-17
2.19325e+00 -2.00000e-06 1.00000e-10 6.28319e+02 3.00000e+00 8.59000e+01 8.56730e-20
2.79480e+00 -2.00000e-06 1.27427e-10 6.28319e+02 3.00000e+00 8.59000e+01 8.95741e-20
3.56134e+00 -2.00000e-06 1.62378e-10 6.28319e+02 3.00000e+00 8.59000e+01 1.92631e-18
4.53813e+00 -2.00000e-06 2.06914e-10 6.28319e+02 3.00000e+00 8.59000e+01 1.25306e-18
5.78282e+00 -2.00000e-06 2.63665e-10 6.28319e+02 3.00000e+00 8.59000e+01 7.25694e-19
7.36891e+00 -2.00000e-06 3.35982e-10 6.28319e+02 3.00000e+00 8.59000e+01 3.06013e-18
9.39001e+00 -2.00000e-06 4.28133e-10 6.28319e+02 3.00000e+00 8.59000e+01 1.79702e-18
1.19655e+01 -2.00000e-06 5.45559e-10 6.28319e+02 3.00000e+00 8.59000e+01 1.71634e-18
1.52473e+01 -2.00000e-06 6.95193e-10 6.28319e+02 3.00000e+00 8.59000e+01 2.55587e-18
1.94292e+01 -2.00000e-06 8.85867e-10 6.28319e+02 3.00000e+00 8.59000e+01 1.61632e-18
2.47582e+01 -2.00000e-06 1.12884e-09 6.28319e+02 3.00000e+00 8.59000e+01 7.55696e-18
3.15487e+01 -2.00000e-06 1.43845e-09 6.28319e+02 3.00000e+00 8.59000e+01 7.18750e-18
4.02018e+01 -2.00000e-06 1.83298e-09 6.28319e+02 3.00000e+00 8.59000e+01 3.62495e-18
5.12281e+01 -2.00000e-06 2.33572e-09 6.28319e+02 3.00000e+00 8.59000e+01 7.74364e-18
6.52787e+01 -2.00000e-06 2.97635e-09 6.28319e+02 3.00000e+00 8.59000e+01 1.26407e-17
8.31830e+01 -2.00000e-06 3.79269e-09 6.28319e+02 3.00000e+00 8.59000e+01 1.50929e-17
1.05998e+02 -2.00000e-06 4.83293e-09 6.28319e+02 3.00000e+00 8.59000e+01 3.08782e-17
1.35071e+02 -2.00000e-06 6.15848e-09 6.28319e+02 3.00000e+00 8.59000e+01 5.40414e-17
1.72117e+02 -2.00000e-06 7.84760e-09 6.28319e+02 3.00000e+00 8.59000e+01 1.04387e-16
2.19325e+02 -2.00000e-06 1.00000e-08 6.28319e+02 3.00000e+00 8.59000e+01 1.81597e-16
2.19325e+00 -2.00000e-06 1.00000e-10 6.28319e+02 4.00000e+00 8.59000e+01 3.53878e-19
2.79480e+00 -2.00000e-06 1.27427e-10 6.28319e+02 4.00000e+00 8.59000e+01 3.70254e-19
3.56134e+00 -2.00000e-06 1.62378e-10 6.28319e+02 4.00000e+00 8.59000e+01 3.97502e-19
4.53813e+00 -2.00000e-06 2.06914e-10 6.28319e+02 4.00000e+00 8.59000e+01 8.80437e-19
5.78282e+00 -2.00000e-06 2.63665e-10 6.28319e+02 4.00000e+00 8.59000e+01 1.89350e-18
7.36891e+00 -2.00000e-06 3.35982e-10 6.28319e+02 4.00000e+00 8.59000e+01 2.97670e-18
9.39001e+00 -2.00000e-06 4.28133e-10 6.28319e+02 4.00000e+00 8.59000e+01 1.68636e-18
1.19655e+01 -2.00000e-06 5.45559e-10 6.28319e+02 4.00000e+00 8.59000e+01 4.26712e-18
1.52473e+01 -2.00000e-06 6.95193e-10 6.28319e+02 4.00000e+00 8.59000e+01 1.89307e-18
1.94292e+01 -2.00000e-06 8.85867e-10 6.28319e+02 4.00000e+00 8.59000e+01 2.76488e-18
2.47582e+01 -2.00000e-06 1.12884e-09 6.28319e+02 4.00000e+00 8.59000e+01 5.57698e-18
3.15487e+01 -2.00000e-06 1.43845e-09 6.28319e+02 4.00000e+00 8.59000e+01 8.32570e-18
4.02018e+01 -2.00000e-06 1.83298e-09 6.28319e+02 4.00000e+00 8.59000e+01 1.03460e-17
5.12281e+01 -2.00000e-06 2.33572e-09 6.28319e+02 4.00000e+00 8.59000e+01 1.61114e-17
6.52787e+01 -2.00000e-06 2.97635e-09 6.28319e+02 4.00000e+00 8.59000e+01 2.82294e-17
8.31830e+01 -2.00000e-06 3.79269e-09 6.28319e+02 4.00000e+00 8.59000e+01 5.60283e-17
1.05998e+02 -2.00000e-06 4.83293e-09 6.28319e+02 4.00000e+00 8.59000e+01 8.89379e-17
1.35071e+02 -2.00000e-06 6.15848e-09 6.28319e+02 4.00000e+00 8.59000e+01 1.62959e-16
1.72117e+02 -2.00000e-06 7.84760e-09 6.28319e+02 4.00000e+00 8.59000e+01 2.88006e-16
2.19325e+02 -2.00000e-06 1.00000e-08 6.28319e+02 4.00000e+00 8.59000e+01 5.58370e-16
2.19325e+00 -2.00000e-06 1.00000e-10 6.28319e+02 5.00000e+00 8.59000e+01 1.27490e-18
2.79480e+00 -2.00000e-06 1.27427e-10 6.28319e+02 5.00000e+00 8.59000e+01 1.33154e-18
3.56134e+00 -2.00000e-06 1.62378e-10 6.28319e+02 5.00000e+00 8.59000e+01 1.42310e-18
4.53813e+00 -2.00000e-06 2.06914e-10 6.28319e+02 5.00000e+00 8.59000e+01 3.14639e-18
5.78282e+00 -2.00000e-06 2.63665e-10 6.28319e+02 5.00000e+00 8.59000e+01 3.80191e-18
7.36891e+00 -2.00000e-06 3.35982e-10 6.28319e+02 5.00000e+00 8.59000e+01 2.45530e-18
9.39001e+00 -2.00000e-06 4.28133e-10 6.28319e+02 5.00000e+00 8.59000e+01 3.81494e-18
1.19655e+01 -2.00000e-06 5.45559e-10 6.28319e+02 5.00000e+00 8.59000e+01 5.37209e-18
1.52473e+01 -2.00000e-06 6.95193e-10 6.28319e+02 5.00000e+00 8.59000e+01 6.12405e-18
1.94292e+01 -2.00000e-06 8.85867e-10 6.28319e+02 5.00000e+00 8.59000e+01 9.37902e-18
2.47582e+01 -2.00000e-06 1.12884e-09 6.28319e+02 5.00000e+00 8.59000e+01 1.28507e-17
3.15487e+01 -2.00000e-06 1.43845e-09 6.28319e+02 5.00000e+00 8.59000e+01 2.35857e-17
4.02018e+01 -2.00000e-06 1.83298e-09 6.28319e+02 5.00000e+00 8.59000e+01 4.06395e-17
5.12281e+01 -2.00000e-06 2.33572e-09 6.28319e+02 5.00000e+00 8.59000e+01 5.11229e-17
6.52787e+01 -2.00000e-06 2.97635e-09 6.28319e+02 5.00000e+00 8.59000e+01 9.08558e-17
8.31830e+01 -2.00000e-06 3.79269e-09 6.28319e+02 5.00000e+00 8.59000e+01 1.69132e-16
1.05998e+02 -2.00000e-06 4.83293e-09 6.28319e+02 5.00000e+00 8.59000e+01 2.61674e-16
1.35071e+02 -2.00000e-06 6.15848e-09 6.28319e+02 5.00000e+00 8.59000e+01 4.89319e-16
1.72117e+02 -2.00000e-06 7.84760e-09 6.28319e+02 5.00000e+00 8.59000e+01 8.70029e-16
2.19325e+02 -2.00000e-06 1.00000e-08 6.28319e+02 5.00000e+00 8.59000e+01 1.58012e-15
2.19325e+00 -2.00000e-06 1.00000e-10 6.28319e+02 6.00000e+00 8.59000e+01 4.10115e-18
2.79480e+00 -2.00000e-06 1.27427e-10 6.28319e+02 6.00000e+00 8.59000e+01 4.26971e-18
3.56134e+00 -2.00000e-06 1.62378e-10 6.28319e+02 6.00000e+00 8.59000e+01 4.54063e-18
4.53813e+00 -2.00000e-06 2.06914e-10 6.28319e+02 6.00000e+00 8.59000e+01 4.74653e-18
5.78282e+00 -2.00000e-06 2.63665e-10 6.28319e+02 6.00000e+00 8.59000e+01 6.67000e-18
7.36891e+00 -2.00000e-06 3.35982e-10 6.28319e+02 6.00000e+00 8.59000e+01 6.01643e-18
9.39001e+00 -2.00000e-06 4.28133e-10 6.28319e+02 6.00000e+00 8.59000e+01 9.98949e-18
1.19655e+01 -2.00000e-06 5.45559e-10 6.28319e+02 6.00000e+00 8.59000e+01 1.22374e-17
1.52473e+01 -2.00000e-06 6.95193e-10 6.28319e+02 6.00000e+00 8.59000e+01 2.78377e-17
1.94292e+01 -2.00000e-06 8.85867e-10 6.28319e+02 6.00000e+00 8.59000e+01 3.25846e-17
2.47582e+01 -2.00000e-06 1.12884e-09 6.28319e+02 6.00000e+00 8.59000e+01 2.97285e-17
3.15487e+01 -2.00000e-06 1.43845e-09 6.28319e+02 6.00000e+00 8.59000e+01 5.96527e-17
4.02018e+01 -2.00000e-06 1.83298e-09 6.28319e+02 6.00000e+00 8.59000e+01 9.46575e-17
5.12281e+01 -2.00000e-06 2.33572e-09 6.28319e+02 6.00000e+00 8.59000e+01 1.87599e-16
6.52787e+01 -2.00000e-06 2.97635e-09 6.28319e+02 6.00000e+00 8.59000e+01 2.39043e-16
8.31830e+01 -2.00000e-06 3.79269e-09 6.28319e+02 6.00000e+00 8.59000e+01 4.93776e-16
1.05998e+02 -2.00000e-06 4.83293e-09 6.28319e+02 6.00000e+00 8.59000e+01 7.64126e-16
1.35071e+02 -2.00000e-06 6.15848e-09 6.28319e+02 6.00000e+00 8.59000e+01 1.30131e-15
1.72117e+02 -2.00000e-06 7.84760e-09 6.28319e+02 6.00000e+00 8.59000e+01 2.29237e-15
2.19325e+02 -2.00000e-06 1.00000e-08 6.28319e+02 6.00000e+00 8.59000e+01 4.12438e-15
2.19325e+00 -2.00000e-06 1.00000e-10 6.28319e+02 7.00000e+00 8.59000e+01 1.18340e-17
2.79480e+00 -2.00000e-06 1.27427e-10 6.28319e+02 7.00000e+00 8.59000e+01 1.22797e-17
3.56134e+00 -2.00000e-06 1.62378e-10 6.28319e+02 7.00000e+00 8.59000e+01 1.29965e-17
4.53813e+00 -2.00000e-06 2.06914e-10 6.28319e+02 7.00000e+00 8.59000e+01 1.41564e-17
5.78282e+00 -2.00000e-06 2.63665e-10 6.28319e+02 7.00000e+00 8.59000e+01 2.00787e-17
7.36891e+00 -2.00000e-06 3.35982e-10 6.28319e+02 7.00000e+00 8.59000e+01 2.93101e-17
9.39001e+00 -2.00000e-06 4.28133e-10 6.28319e+02 7.00000e+00 8.59000e+01 2.47461e-17
1.19655e+01 -2.00000e-06 5.45559e-10 6.28319e+02 7.00000e+00 8.59000e+01 3.01720e-17
1.52473e+01 -2.00000e-06 6.95193e-10 6.28319e+02 7.00000e+00 8.59000e+01 4.21315e-17
1.94292e+01 -2.00000e-06 8.85867e-10 6.28319e+02 7.00000e+00 8.59000e+01 6.57763e-17
2.47582e+01 -2.00000e-06 1.12884e-09 6.28319e+02 7.00000e+00 8.59000e+01 1.09353e-16
3.15487e+01 -2.00000e-06 1.43845e-09 6.28319e+02 7.00000e+00 8.59000e+01 1.77767e-16
4.02018e+01 -2.00000e-06 1.83298e-09 6.28319e+02 7.00000e+00 8.59000e+01 3.14755e-16
5.12281e+01 -2.00000e-06 2.33572e-09 6.28319e+02 7.00000e+00 8.59000e+01 4.04898e-16
6.52787e+01 -2.00000e-06 2.97635e-09 6.28319e+02 7.00000e+00 8.59000e+01 7.27462e-16
8.31830e+01 -2.00000e-06 3.79269e-09 6.28319e+02 7.00000e+00 8.59000e+01 1.11028e-15
1.05998e+02 -2.00000e-06 4.83293e-09 6.28319e+02 7.00000e+00 8.59000e+01 1.84761e-15
1.35071e+02 -2.00000e-06 6.15848e-09 6.28319e+02 7.00000e+00 8.59000e+01 3.24359e-15
1.72117e+02 -2.00000e-06 7.84760e-09 6.28319e+02 7.00000e+00 8.59000e+01 5.63314e-15
2.19325e+02 -2.00000e-06 1.00000e-08 6.28319e+02 7.00000e+00 8.59000e+01 9.63350e-15
2.19325e+00 -2.00000e-06 1.00000e-10 6.28319e+02 8.00000e+00 8.59000e+01 3.08601e-17
2.79480e+00 -2.00000e-06 1.27427e-10 6.28319e+02 8.00000e+00 8.59000e+01 3.19339e-17
3.56134e+00 -2.00000e-06 1.62378e-10 6.28319e+02 8.00000e+00 8.59000e+01 3.36636e-17
4.53813e+00 -2.00000e-06 2.06914e-10 6.28319e+02 8.00000e+00 8.59000e+01 3.64511e-17
5.78282e+00 -2.00000e-06 2.63665e-10 6.28319e+02 8.00000e+00 8.59000e+01 4.64581e-17
7.36891e+00 -2.00000e-06 3.35982e-10 6.28319e+02 8.00000e+00 8.59000e+01 5.76060e-17
9.39001e+00 -2.00000e-06 4.28133e-10 6.28319e+02 8.00000e+00 8.59000e+01 5.18261e-17
1.19655e+01 -2.00000e-06 5.45559e-10 6.28319e+02 8.00000e+00 8.59000e+01 1.02152e-16
1.52473e+01 -2.00000e-06 6.95193e-10 6.28319e+02 8.00000e+00 8.59000e+01 1.17537e-16
1.94292e+01 -2.00000e-06 8.85867e-10 6.28319e+02 8.00000e+00 8.59000e+01 1.67222e-16
2.47582e+01 -2.00000e-06 1.12884e-09 6.28319e+02 8.00000e+00 8.59000e+01 2.46292e-16
3.15487e+01 -2.00000e-06 1.43845e-09 6.28319e+02 8.00000e+00 8.59000e+01 3.84157e-16
4.02018e+01 -2.00000e-06 1.83298e-09 6.28319e+02 8.00000e+00 8.59000e+01 6.04346e-16
5.12281e+01 -2.00000e-06 2.33572e-09 6.28319e+02 8.00000e+00 8.59000e+01 1.00159e-15
6.52787e+01 -2.00000e-06 2.97635e-09 6.28319e+02 8.00000e+00 8.59000e+01 1.58176e-15
8.31830e+01 -2.00000e-06 3.79269e-09 6.28319e+02 8.00000e+00 8.59000e+01 2.64575e-15
1.05998e+02 -2.00000e-06 4.83293e-09 6.28319e+02 8.00000e+00 8.59000e+01 4.47016e-15
1.35071e+02 -2.00000e-06 6.15848e-09 6.28319e+02 8.00000e+00 8.59000e+01 7.43853e-15
1.72117e+02 -2.00000e-06 7.84760e-09 6.28319e+02 8.00000e+00 8.59000e+01 1.25502e-14
2.19325e+02 -2.00000e-06 1.00000e-08 6.28319e+02 8.00000e+00 8.59000e+01 2.15987e-14
2.19325e+00 -2.00000e-06 1.00000e-10 6.28319e+02 9.00000e+00 8.59000e+01 7.35183e-17
2.79480e+00 -2.00000e-06 1.27427e-10 6.28319e+02 9.00000e+00 8.59000e+01 7.59145e-17
3.56134e+00 -2.00000e-06 1.62378e-10 6.28319e+02 9.00000e+00 8.59000e+01 7.97591e-17
4.53813e+00 -2.00000e-06 2.06914e-10 6.28319e+02 9.00000e+00 8.59000e+01 8.59459e-17
5.78282e+00 -2.00000e-06 2.63665e-10 6.28319e+02 9.00000e+00 8.59000e+01 9.20803e-17
7.36891e+00 -2.00000e-06 3.35982e-10 6.28319e+02 9.00000e+00 8.59000e+01 1.20790e-16
9.39001e+00 -2.00000e-06 4.28133e-10 6.28319e+02 9.00000e+00 8.59000e+01 1.35596e-16
1.19655e+01 -2.00000e-06 5.45559e-10 6.28319e+02 9.00000e+00 8.59000e+01 1.67859e-16
1.52473e+01 -2.00000e-06 6.95193e-10 6.28319e+02 9.00000e+00 8.59000e+01 2.51994e-16
1.94292e+01 -2.00000e-06 8.85867e-10 6.28319e+02 9.00000e+00 8.59000e+01 3.61755e-16
2.47582e+01 -2.00000e-06 1.12884e-09 6.28319e+02 9.00000e+00 8.59000e+01 5.45589e-16
3.15487e+01 -2.00000e-06 1.43845e-09 6.28319e+02 9.00000e+00 8.59000e+01 8.42733e-16
4.02018e+01 -2.00000e-06 1.83298e-09 6.28319e+02 9.00000e+00 8.59000e+01 1.33754e-15
5.12281e+01 -2.00000e-06 2.33572e-09 6.28319e+02 9.00000e+00 8.59000e+01 2.17137e-15
6.52787e+01 -2.00000e-06 2.97635e-09 6.28319e+02 9.00000e+00 8.59000e+01 3.48193e-15
8.31830e+01 -2.00000e-06 3.79269e-09 6.28319e+02 9.00000e+00 8.59000e+01 5.75709e-15
1.05998e+02 -2.00000e-06 4.83293e-09 6.28319e+02 9.00000e+00 8.59000e+01 9.50050e-15
1.35071e+02 -2.00000e-06 6.15848e-09 6.28319e+02 9.00000e+00 8.59000e+01 1.58088e-14
1.72117e+02 -2.00000e-06 7.84760e-09 6.28319e+02 9.00000e+00 8.59000e+01 2.64519e-14
2.19325e+02 -2.00000e-06 1.00000e-08 6.28319e+02 9.00000e+00 8.59000e+01 4.51104e-14
2.19325e+00 -2.00000e-06 1.00000e-10 6.28319e+02 1.00000e+01 8.59000e+01 1.61850e-16
2.79480e+00 -2.00000e-06 1.27427e-10 6.28319e+02 1.00000e+01 8.59000e+01 1.66847e-16
3.56134e+00 -2.00000e-06 1.62378e-10 6.28319e+02 1.00000e+01 8.59000e+01 1.74827e-16
4.53813e+00 -2.00000e-06 2.06914e-10 6.28319e+02 1.00000e+01 8.59000e+01 1.87645e-16
5.78282e+00 -2.00000e-06 2.63665e-10 6.28319e+02 1.00000e+01 8.59000e+01 2.18052e-16
7.36891e+00 -2.00000e-06 3.35982e-10 6.28319e+02 1.00000e+01 8.59000e+01 2.48698e-16
9.39001e+00 -2.00000e-06 4.28133e-10 6.28319e+02 1.00000e+01 8.59000e+01 2.89056e-16
1.19655e+01 -2.00000e-06 5.45559e-10 6.28319e+02 1.00000e+01 8.59000e+01 4.05981e-16
1.52473e+01 -2.00000e-06 6.95193e-10 6.28319e+02 1.00000e+01 8.59000e+01 5.24733e-16
1.94292e+01 -2.00000e-06 8.85867e-10 6.28319e+02 1.00000e+01 8.59000e+01 7.55241e-16
2.47582e+01 -2.00000e-06 1.12884e-09 6.28319e+02 1.00000e+01 8.59000e+01 1.12355e-15
3.15487e+01 -2.00000e-06 1.43845e-09 6.28319e+02 1.00000e+01 8.59000e+01 1.77340e-15
4.02018e+01 -2.00000e-06 1.83298e-09 6.28319e+02 1.00000e+01 8.59000e+01 2.74839e-15
5.12281e+01 -2.00000e-06 2.33572e-09 6.28319e+02 1.00000e+01 8.59000e+01 4.39351e-15
6.52787e+01 -2.00000e-06 2.97635e-09 6.28319e+02 1.00000e+01 8.59000e+01 7.10699e-15
8.31830e+01 -2.00000e-06 3.79269e-09 6.28319e+02 1.00000e+01 8.59000e+01 1.16461e-14
1.05998e+02 -2.00000e-06 4.83293e-09 6.28319e+02 1.00000e+01 8.59000e+01 1.90697e-14
1.35071e+02 -2.00000e-06 6.15848e-09 6.28319e+02 1.00000e+01 8.59000e+01 3.17656e-14
1.72117e+02 -2.00000e-06 7.84760e-09 6.28319e+02 1.00000e+01 8.59000e+01 5.30355e-14
2.19325e+02 -2.00000e-06 1.00000e-08 6.28319e+02 1.00000e+01 8.59000e+01 8.92130e-14
2.19325e+00 -2.00000e-06 1.00000e-10 6.28319e+02 1.10000e+01 8.59000e+01 3.32707e-16
2.79480e+00 -2.00000e-06 1.27427e-10 6.28319e+02 1.10000e+01 8.59000e+01 3.42514e-16
3.56134e+00 -2.00000e-06 1.62378e-10 6.28319e+02 1.10000e+01 8.59000e+01 3.58137e-16
4.53813e+00 -2.00000e-06 2.06914e-10 6.28319e+02 1.10000e+01 8.59000e+01 3.83182e-16
5.78282e+00 -2.00000e-06 2.63665e-10 6.28319e+02 1.10000e+01 8.59000e+01 4.23425e-16
7.36891e+00 -2.00000e-06 3.35982e-10 6.28319e+02 1.10000e+01 8.59000e+01 4.87001e-16
9.39001e+00 -2.00000e-06 4.28133e-10 6.28319e+02 1.10000e+01 8.59000e+01 5.92951e-16
1.19655e+01 -2.00000e-06 5.45559e-10 6.28319e+02 1.10000e+01 8.59000e+01 7.61712e-16
1.52473e+01 -2.00000e-06 6.95193e-10 6.28319e+02 1.10000e+01 8.59000e+01 1.02698e-15
1.94292e+01 -2.00000e-06 8.85867e-10 6.28319e+02 1.10000e+01 8.59000e+01 1.48885e-15
2.47582e+01 -2.00000e-06 1.12884e-09 6.28319e+02 1.10000e+01 8.59000e+01 2.18732e-15
3.15487e+01 -2.00000e-06 1.43845e-09 6.28319e+02 1.10000e+01 8.59000e+01 3.39757e-15
4.02018e+01 -2.00000e-06 1.83298e-09 6.28319e+02 1.10000e+01 8.59000e+01 5.34638e-15
5.12281e+01 -2.00000e-06 2.33572e-09 6.28319e+02 1.10000e+01 8.59000e+01 8.50448e-15
6.52787e+01 -2.00000e-06 2.97635e-09 6.28319e+02 1.10000e+01 8.59000e+01 1.37371e-14
8.31830e+01 -2.00000e-06 3.79269e-09 6.28319e+02 1.10000e+01 8.59000e+01 2.23262e-14
1.05998e+02 -2.00000e-06 4.83293e-09 6.28319e+02 1.10000e+01 8.59000e+01 3.65944e-14
1.35071e+02 -2.00000e-06 6.15848e-09 6.28319e+02 1.10000e+01 8.59000e+01 6.03869e-14
1.72117e+02 -2.00000e-06 7.84760e-09 6.28319e+02 1.10000e+01 8.59000e+01 1.00277e-13
2.19325e+02 -2.00000e-06 1.00000e-08 6.28319e+02 1.10000e+01 8.59000e+01 1.67810e-13
2.19325e+00 -2.00000e-06 1.00000e-10 6.28319e+02 1.20000e+01 8.59000e+01 6.44314e-16
2.79480e+00 -2.00000e-06 1.27427e-10 6.28319e+02 1.20000e+01 8.59000e+01 6.62558e-16
3.56134e+00 -2.00000e-06 1.62378e-10 6.28319e+02 1.20000e+01 8.59000e+01 6.91612e-16
4.53813e+00 -2.00000e-06 2.06914e-10 6.28319e+02 1.20000e+01 8.59000e+01 7.38069e-16
5.78282e+00 -2.00000e-06 2.63665e-10 6.28319e+02 1.20000e+01 8.59000e+01 8.12678e-16
7.36891e+00 -2.00000e-06 3.35982e-10 6.28319e+02 1.20000e+01 8.59000e+01 9.32756e-16
9.39001e+00 -2.00000e-06 4.28133e-10 6.28319e+02 1.20000e+01 8.59000e+01 1.13617e-15
1.19655e+01 -2.00000e-06 5.45559e-10 6.28319e+02 1.20000e+01 8.59000e+01 1.43132e-15
1.52473e+01 -2.00000e-06 6.95193e-10 6.28319e+02 1.20000e+01 8.59000e+01 1.95169e-15
1.94292e+01 -2.00000e-06 8.85867e-10 6.28319e+02 1.20000e+01 8.59000e+01 2.78398e-15
2.47582e+01 -2.00000e-06 1.12884e-09 6.28319e+02 1.20000e+01 8.59000e+01 4.10411e-15
3.15487e+01 -2.00000e-06 1.43845e-09 6.28319e+02 1.20000e+01 8.59000e+01 6.27587e-15
4.02018e+01 -2.00000e-06 1.83298e-09 6.28319e+02 1.20000e+01 8.59000e+01 9.81415e-15
5.12281e+01 -2.00000e-06 2.33572e-09 6.28319e+02 1.20000e+01 8.59000e+01 1.56281e-14
6.52787e+01 -2.00000e-06 2.97635e-09 6.28319e+02 1.20000e+01 8.59000e+01 2.52129e-14
8.31830e+01 -2.00000e-06 3.79269e-09 6.28319e+02 1.20000e+01 8.59000e+01 4.09824e-14
1.05998e+02 -2.00000e-06 4.83293e-09 6.28319e+02 1.20000e+01 8.59000e+01 6.67979e-14
1.35071e+02 -2.00000e-06 6.15848e-09 6.28319e+02 1.20000e+01 8.59000e+01 1.09867e-13
1.72117e+02 -2.00000e-06 7.84760e-09 6.28319e+02 1.20000e+01 8.59000e+01 1.81593e-13
2.19325e+02 -2.00000e-06 1.00000e-08 6.28319e+02 1.20000e+01 8.59000e+01 3.02177e-13
2.19325e+00 -2.00000e-06 1.00000e-10 6.28319e+02 1.30000e+01 8.59000e+01 1.18426e-15
2.79480e+00 -2.00000e-06 1.27427e-10 6.28319e+02 1.30000e+01 8.59000e+01 1.21671e-15
3.56134e+00 -2.00000e-06 1.62378e-10 6.28319e+02 1.30000e+01 8.59000e+01 1.26826e-15
4.53813e+00 -2.00000e-06 2.06914e-10 6.28319e+02 1.30000e+01 8.59000e+01 1.35068e-15
5.78282e+00 -2.00000e-06 2.63665e-10 6.28319e+02 1.30000e+01 8.59000e+01 1.48283e-15
7.36891e+00 -2.00000e-06 3.35982e-10 6.28319e+02 1.30000e+01 8.59000e+01 1.69537e-15
9.39001e+00 -2.00000e-06 4.28133e-10 6.28319e+02 1.30000e+01 8.59000e+01 2.03723e-15
1.19655e+01 -2.00000e-06 5.45559e-10 6.28319e+02 1.30000e+01 8.59000e+01 2.58705e-15
1.52473e+01 -2.00000e-06 6.95193e-10 6.28319e+02 1.30000e+01 8.59000e+01 3.49857e-15
1.94292e+01 -2.00000e-06 8.85867e-10 6.28319e+02 1.30000e+01 8.59000e+01 4.96681e-15
2.47582e+01 -2.00000e-06 1.12884e-09 6.28319e+02 1.30000e+01 8.59000e+01 7.31695e-15
3.15487e+01 -2.00000e-06 1.43845e-09 6.28319e+02 1.30000e+01 8.59000e+01 1.11165e-14
4.02018e+01 -2.00000e-06 1.83298e-09 6.28319e+02 1.30000e+01 8.59000e+01 1.73829e-14
5.12281e+01 -2.00000e-06 2.33572e-09 6.28319e+02 1.30000e+01 8.59000e+01 2.75562e-14
6.52787e+01 -2.00000e-06 2.97635e-09 6.28319e+02 1.30000e+01 8.59000e+01 4.43377e-14
8.31830e+01 -2.00000e-06 3.79269e-09 6.28319e+02 1.30000e+01 8.59000e+01 7.18186e-14
1.05998e+02 -2.00000e-06 4.83293e-09 6.28319e+02 1.30000e+01 8.59000e+01 1.17051e-13
1.35071e+02 -2.00000e-06 6.15848e-09 6.28319e+02 1.30000e+01 8.59000e+01 1.91719e-13
1.72117e+02 -2.00000e-06 7.84760e-09 6.28319e+02 1.30000e+01 8.59000e+01 3.15952e-13
2.19325e+02 -2.00000e-06 1.00000e-08 6.28319e+02 1.30000e+01 8.59000e+01 5.24095e-13
2.19325e+00 -2.00000e-06 1.00000e-10 6.28319e+02 1.40000e+01 8.59000e+01 2.07860e-15
2.79480e+00 -2.00000e-06 1.27427e-10 6.28319e+02 1.40000e+01 8.59000e+01 2.13397e-15
3.56134e+00 -2.00000e-06 1.62378e-10 6.28319e+02 1.40000e+01 8.59000e+01 2.22187e-15
4.53813e+00 -2.00000e-06 2.06914e-10 6.28319e+02 1.40000e+01 8.59000e+01 2.36229e-15
5.78282e+00 -2.00000e-06 2.63665e-10 6.28319e+02 1.40000e+01 8.59000e+01 2.58720e-15
7.36891e+00 -2.00000e-06 3.35982e-10 6.28319e+02 1.40000e+01 8.59000e+01 2.94865e-15
9.39001e+00 -2.00000e-06 4.28133e-10 6.28319e+02 1.40000e+01 8.59000e+01 3.53742e-15
1.19655e+01 -2.00000e-06 5.45559e-10 6.28319e+02 1.40000e+01 8.59000e+01 4.45746e-15
1.52473e+01 -2.00000e-06 6.95193e-10 6.28319e+02 1.40000e+01 8.59000e+01 5.99420e-15
1.94292e+01 -2.00000e-06 8.85867e-10 6.28319e+02 1.40000e+01 8.59000e+01 8.43642e-15
2.47582e+01 -2.00000e-06 1.12884e-09 6.28319e+02 1.40000e+01 8.59000e+01 1.24342e-14
3.15487e+01 -2.00000e-06 1.43845e-09 6.28319e+02 1.40000e+01 8.59000e+01 1.89809e-14
4.02018e+01 -2.00000e-06 1.83298e-09 6.28319e+02 1.40000e+01 8.59000e+01 2.95682e-14
5.12281e+01 -2.00000e-06 2.33572e-09 6.28319e+02 1.40000e+01 8.59000e+01 4.68789e-14
6.52787e+01 -2.00000e-06 2.97635e-09 6.28319e+02 1.40000e+01 8.59000e+01 7.50668e-14
8.31830e+01 -2.00000e-06 3.79269e-09 6.28319e+02 1.40000e+01 8.59000e+01 1.21278e-13
1.05998e+02 -2.00000e-06 4.83293e-09 6.28319e+02 1.40000e+01 8.59000e+01 1.97369e-13
1.35071e+02 -2.00000e-06 6.15848e-09 6.28319e+02 1.40000e+01 8.59000e+01 3.22613e-13
1.72117e+02 -2.00000e-06 7.84760e-09 6.28319e+02 1.40000e+01 8.59000e+01 5.30142e-13
2.19325e+02 -2.00000e-06 1.00000e-08 6.28319e+02 1.40000e+01 8.59000e+01 8.75367e-13
2.19325e+00 -2.00000e-06 1.00000e-10 6.28319e+02 1.50000e+01 8.59000e+01 3.50164e-15
2.79480e+00 -2.00000e-06 1.27427e-10 6.28319e+02 1.50000e+01 8.59000e+01 3.59273e-15
3.56134e+00 -2.00000e-06 1.62378e-10 6.28319e+02 1.50000e+01 8.59000e+01 3.73737e-15
4.53813e+00 -2.00000e-06 2.06914e-10 6.28319e+02 1.50000e+01 8.59000e+01 3.96809e-15
5.78282e+00 -2.00000e-06 2.63665e-10 6.28319e+02 1.50000e+01 8.59000e+01 4.33740e-15
7.36891e+00 -2.00000e-06 3.35982e-10 6.28319e+02 1.50000e+01 8.59000e+01 4.93065e-15
9.39001e+00 -2.00000e-06 4.28133e-10 6.28319e+02 1.50000e+01 8.59000e+01 5.89676e-15
1.19655e+01 -2.00000e-06 5.45559e-10 6.28319e+02 1.50000e+01 8.59000e+01 7.41371e-15
1.52473e+01 -2.00000e-06 6.95193e-10 6.28319e+02 1.50000e+01 8.59000e+01 9.91292e-15
1.94292e+01 -2.00000e-06 8.85867e-10 6.28319e+02 1.50000e+01 8.59000e+01 1.39852e-14
2.47582e+01 -2.00000e-06 1.12884e-09 6.28319e+02 1.50000e+01 8.59000e+01 2.05138e-14
3.15487e+01 -2.00000e-06 1.43845e-09 6.28319e+02 1.50000e+01 8.59000e+01 3.11384e-14
4.02018e+01 -2.00000e-06 1.83298e-09 6.28319e+02 1.50000e+01 8.59000e+01 4.84799e-14
5.12281e+01 -2.00000e-06 2.33572e-09 6.28319e+02 1.50000e+01 8.59000e+01 7.66701e-14
6.52787e+01 -2.00000e-06 2.97635e-09 6.28319e+02 1.50000e+01 8.59000e+01 1.22764e-13
8.31830e+01 -2.00000e-06 3.79269e-09 6.28319e+02 1.50000e+01 8.59000e+01 1.98054e-13
1.05998e+02 -2.00000e-06 4.83293e-09 6.28319e+02 1.50000e+01 8.59000e+01 3.21471e-13
1.35071e+02 -2.00000e-06 6.15848e-09 6.28319e+02 1.50000e+01 8.59000e+01 5.24665e-13
1.72117e+02 -2.00000e-06 7.84760e-09 6.28319e+02 1.50000e+01 8.59000e+01 8.60317e-13
2.19325e+02 -2.00000e-06 1.00000e-08 6.28319e+02 1.50000e+01 8.59000e+01 1.41642e-12
2.19325e+00 -2.00000e-06 1.00000e-10 6.28319e+02 1.60000e+01 8.59000e+01 5.68534e-15
2.79480e+00 -2.00000e-06 1.27427e-10 6.28319e+02 1.60000e+01 8.59000e+01 5.83039e-15
3.56134e+00 -2.00000e-06 1.62378e-10 6.28319e+02 1.60000e+01 8.59000e+01 6.06069e-15
4.53813e+00 -2.00000e-06 2.06914e-10 6.28319e+02 1.60000e+01 8.59000e+01 6.42767e-15
5.78282e+00 -2.00000e-06 2.63665e-10 6.28319e+02 1.60000e+01 8.59000e+01 7.01510e-15
7.36891e+00 -2.00000e-06 3.35982e-10 6.28319e+02 1.60000e+01 8.59000e+01 7.95811e-15
9.39001e+00 -2.00000e-06 4.28133e-10 6.28319e+02 1.60000e+01 8.59000e+01 9.46006e-15
1.19655e+01 -2.00000e-06 5.45559e-10 6.28319e+02 1.60000e+01 8.59000e+01 1.19143e-14
1.52473e+01 -2.00000e-06 6.95193e-10 6.28319e+02 1.60000e+01 8.59000e+01 1.58644e-14
1.94292e+01 -2.00000e-06 8.85867e-10 6.28319e+02 1.60000e+01 8.59000e+01 2.23177e-14
2.47582e+01 -2.00000e-06 1.12884e-09 6.28319e+02 1.60000e+01 8.59000e+01 3.26898e-14
3.15487e+01 -2.00000e-06 1.43845e-09 6.28319e+02 1.60000e+01 8.59000e+01 4.95865e-14
4.02018e+01 -2.00000e-06 1.83298e-09 6.28319e+02 1.60000e+01 8.59000e+01 7.70101e-14
5.12281e+01 -2.00000e-06 2.33572e-09 6.28319e+02 1.60000e+01 8.59000e+01 1.21653e-13
6.52787e+01 -2.00000e-06 2.97635e-09 6.28319e+02 1.60000e+01 8.59000e+01 1.94441e-13
8.31830e+01 -2.00000e-06 3.79269e-09 6.28319e+02 1.60000e+01 8.59000e+01 3.13387e-13
1.05998e+02 -2.00000e-06 4.83293e-09 6.28319e+02 1.60000e+01 8.59000e+01 5.08064e-13
1.35071e+02 -2.00000e-06 6.15848e-09 6.28319e+02 1.60000e+01 8.59000e+01 8.27890e-13
1.72117e+02 -2.00000e-06 7.84760e-09 6.28319e+02 1.60000e+01 8.59000e+01 1.35461e-12
2.19325e+02 -2.00000e-06 1.00000e-08 6.28319e+02 1.60000e+01 8.59000e+01 2.22509e-12
2.19325e+00 -2.00000e-06 1.00000e-10 6.28319e+02 1.70000e+01 8.59000e+01 8.92714e-15
2.79480e+00 -2.00000e-06 1.27427e-10 6.28319e+02 1.70000e+01 8.59000e+01 9.15165e-15
3.56134e+00 -2.00000e-06 1.62378e-10 6.28319e+02 1.70000e+01 8.59000e+01 9.50770e-15
4.53813e+00 -2.00000e-06 2.06914e-10 6.28319e+02 1.70000e+01 8.59000e+01 1.00749e-14
5.78282e+00 -2.00000e-06 2.63665e-10 6.28319e+02 1.70000e+01 8.59000e+01 1.09822e-14
7.36891e+00 -2.00000e-06 3.35982e-10 6.28319e+02 1.70000e+01 8.59000e+01 1.24383e-14
9.39001e+00 -2.00000e-06 4.28133e-10 6.28319e+02 1.70000e+01 8.59000e+01 1.47975e-14
1.19655e+01 -2.00000e-06 5.45559e-10 6.28319e+02 1.70000e+01 8.59000e+01 1.85717e-14
1.52473e+01 -2.00000e-06 6.95193e-10 6.28319e+02 1.70000e+01 8.59000e+01 2.46582e-14
1.94292e+01 -2.00000e-06 8.85867e-10 6.28319e+02 1.70000e+01 8.59000e+01 3.45399e-14
2.47582e+01 -2.00000e-06 1.12884e-09 6.28319e+02 1.70000e+01 8.59000e+01 5.05684e-14
3.15487e+01 -2.00000e-06 1.43845e-09 6.28319e+02 1.70000e+01 8.59000e+01 7.65226e-14
4.02018e+01 -2.00000e-06 1.83298e-09 6.28319e+02 1.70000e+01 8.59000e+01 1.18791e-13
5.12281e+01 -2.00000e-06 2.33572e-09 6.28319e+02 1.70000e+01 8.59000e+01 1.87399e-13
6.52787e+01 -2.00000e-06 2.97635e-09 6.28319e+02 1.70000e+01 8.59000e+01 2.99421e-13
8.31830e+01 -2.00000e-06 3.79269e-09 6.28319e+02 1.70000e+01 8.59000e+01 4.82003e-13
1.05998e+02 -2.00000e-06 4.83293e-09 6.28319e+02 1.70000e+01 8.59000e+01 7.80719e-13
1.35071e+02 -2.00000e-06 6.15848e-09 6.28319e+02 1.70000e+01 8.59000e+01 1.27018e-12
1.72117e+02 -2.00000e-06 7.84760e-09 6.28319e+02 1.70000e+01 8.59000e+01 2.07466e-12
2.19325e+02 -2.00000e-06 1.00000e-08 6.28319e+02 1.70000e+01 8.59000e+01 3.40146e-12
2.19325e+00 -2.00000e-06 1.00000e-10 6.28319e+02 1.80000e+01 8.59000e+01 1.35947e-14
2.79480e+00 -2.00000e-06 1.27427e-10 6.28319e+02 1.80000e+01 8.59000e+01 1.39332e-14
3.56134e+00 -2.00000e-06 1.62378e-10 6.28319e+02 1.80000e+01 8.59000e+01 1.44694e-14
4.53813e+00 -2.00000e-06 2.06914e-10 6.28319e+02 1.80000e+01 8.59000e+01 1.53232e-14
5.78282e+00 -2.00000e-06 2.63665e-10 6.28319e+02 1.80000e+01 8.59000e+01 1.66880e-14
7.36891e+00 -2.00000e-06 3.35982e-10 6.28319e+02 1.80000e+01 8.59000e+01 1.88773e-14
9.39001e+00 -2.00000e-06 4.28133e-10 6.28319e+02 1.80000e+01 8.59000e+01 2.23862e-14
1.19655e+01 -2.00000e-06 5.45559e-10 6.28319e+02 1.80000e+01 8.59000e+01 2.80656e-14
1.52473e+01 -2.00000e-06 6.95193e-10 6.28319e+02 1.80000e+01 8.59000e+01 3.72622e-14
1.94292e+01 -2.00000e-06 8.85867e-10 6.28319e+02 1.80000e+01 8.59000e+01 5.20746e-14
2.47582e+01 -2.00000e-06 1.12884e-09 6.28319e+02 1.80000e+01 8.59000e+01 7.61238e-14
3.15487e+01 -2.00000e-06 1.43845e-09 6.28319e+02 1.80000e+01 8.59000e+01 1.15117e-13
4.02018e+01 -2.00000e-06 1.83298e-09 6.28319e+02 1.80000e+01 8.59000e+01 1.78392e-13
5.12281e+01 -2.00000e-06 2.33572e-09 6.28319e+02 1.80000e+01 8.59000e+01 2.81307e-13
6.52787e+01 -2.00000e-06 2.97635e-09 6.28319e+02 1.80000e+01 8.59000e+01 4.48956e-13
8.31830e+01 -2.00000e-06 3.79269e-09 6.28319e+02 1.80000e+01 8.59000e+01 7.22163e-13
1.05998e+02 -2.00000e-06 4.83293e-09 6.28319e+02 1.80000e+01 8.59000e+01 1.16840e-12
1.35071e+02 -2.00000e-06 6.15848e-09 6.28319e+02 1.80000e+01 8.59000e+01 1.89882e-12
1.72117e+02 -2.00000e-06 7.84760e-09 6.28319e+02 1.80000e+01 8.59000e+01 3.09676e-12
2.19325e+02 -2.00000e-06 1.00000e-08 6.28319e+02 1.80000e+01 8.59000e+01 5.06818e-12
2.19325e+00 -2.00000e-06 1.00000e-10 6.28319e+02 1.90000e+01 8.59000e+01 2.01257e-14
2.79480e+00 -2.00000e-06 1.27427e-10 6.28319e+02 1.90000e+01 8.59000e+01 2.06238e-14
3.56134e+00 -2.00000e-06 1.62378e-10 6.28319e+02 1.90000e+01 8.59000e+01 2.14124e-14
4.53813e+00 -2.00000e-06 2.06914e-10 6.28319e+02 1.90000e+01 8.59000e+01 2.26667e-14
5.78282e+00 -2.00000e-06 2.63665e-10 6.28319e+02 1.90000e+01 8.59000e+01 2.46706e-14
7.36891e+00 -2.00000e-06 3.35982e-10 6.28319e+02 1.90000e+01 8.59000e+01 2.78830e-14
9.39001e+00 -2.00000e-06 4.28133e-10 6.28319e+02 1.90000e+01 8.59000e+01 3.30383e-14
1.19655e+01 -2.00000e-06 5.45559e-10 6.28319e+02 1.90000e+01 8.59000e+01 4.13796e-14
1.52473e+01 -2.00000e-06 6.95193e-10 6.28319e+02 1.90000e+01 8.59000e+01 5.48212e-14
1.94292e+01 -2.00000e-06 8.85867e-10 6.28319e+02 1.90000e+01 8.59000e+01 7.65642e-14
2.47582e+01 -2.00000e-06 1.12884e-09 6.28319e+02 1.90000e+01 8.59000e+01 1.11726e-13
3.15487e+01 -2.00000e-06 1.43845e-09 6.28319e+02 1.90000e+01 8.59000e+01 1.68779e-13
4.02018e+01 -2.00000e-06 1.83298e-09 6.28319e+02 1.90000e+01 8.59000e+01 2.61357e-13
5.12281e+01 -2.00000e-06 2.33572e-09 6.28319e+02 1.90000e+01 8.59000e+01 4.11872e-13
6.52787e+01 -2.00000e-06 2.97635e-09 6.28319e+02 1.90000e+01 8.59000e+01 6.56719e-13
8.31830e+01 -2.00000e-06 3.79269e-09 6.28319e+02 1.90000e+01 8.59000e+01 1.05542e-12
1.05998e+02 -2.00000e-06 4.83293e-09 6.28319e+02 1.90000e+01 8.59000e+01 1.70629e-12
1.35071e+02 -2.00000e-06 6.15848e-09 6.28319e+02 1.90000e+01 8.59000e+01 2.76982e-12
1.72117e+02 -2.00000e-06 7.84760e-09 6.28319e+02 1.90000e+01 8.59000e+01 4.51183e-12
2.19325e+02 -2.00000e-06 1.00000e-08 6.28319e+02 1.90000e+01 8.59000e+01 7.37222e-12
2.19325e+00 -2.00000e-06 1.00000e-10 6.28319e+02 2.00000e+01 8.59000e+01 2.90185e-14
2.79480e+00 -2.00000e-06 1.27427e-10 6.28319e+02 2.00000e+01 8.59000e+01 2.97364e-14
3.56134e+00 -2.00000e-06 1.62378e-10 6.28319e+02 2.00000e+01 8.59000e+01 3.08707e-14
4.53813e+00 -2.00000e-06 2.06914e-10 6.28319e+02 2.00000e+01 8.59000e+01 3.26732e-14
5.78282e+00 -2.00000e-06 2.63665e-10 6.28319e+02 2.00000e+01 8.59000e+01 3.55497e-14
7.36891e+00 -2.00000e-06 3.35982e-10 6.28319e+02 2.00000e+01 8.59000e+01 4.01573e-14
9.39001e+00 -2.00000e-06 4.28133e-10 6.28319e+02 2.00000e+01 8.59000e+01 4.75633e-14
1.19655e+01 -2.00000e-06 5.45559e-10 6.28319e+02 2.00000e+01 8.59000e+01 5.94589e-14
1.52473e+01 -2.00000e-06 6.95193e-10 6.28319e+02 2.00000e+01 8.59000e+01 7.87294e-14
1.94292e+01 -2.00000e-06 8.85867e-10 6.28319e+02 2.00000e+01 8.59000e+01 1.09824e-13
2.47582e+01 -2.00000e-06 1.12884e-09 6.28319e+02 2.00000e+01 8.59000e+01 1.60160e-13
3.15487e+01 -2.00000e-06 1.43845e-09 6.28319e+02 2.00000e+01 8.59000e+01 2.41671e-13
4.02018e+01 -2.00000e-06 1.83298e-09 6.28319e+02 2.00000e+01 8.59000e+01 3.73976e-13
5.12281e+01 -2.00000e-06 2.33572e-09 6.28319e+02 2.00000e+01 8.59000e+01 5.88891e-13
6.52787e+01 -2.00000e-06 2.97635e-09 6.28319e+02 2.00000e+01 8.59000e+01 9.38329e-13
8.31830e+01 -2.00000e-06 3.79269e-09 6.28319e+02 2.00000e+01 8.59000e+01 1.50712e-12
1.05998e+02 -2.00000e-06 4.83293e-09 6.28319e+02 2.00000e+01 8.59000e+01 2.43427e-12
1.35071e+02 -2.00000e-06 6.15848e-09 6.28319e+02 2.00000e+01 8.59000e+01 3.94818e-12
1.72117e+02 -2.00000e-06 7.84760e-09 6.28319e+02 2.00000e+01 8.59000e+01 6.42377e-12
2.19325e+02 -2.00000e-06 1.00000e-08 6.28319e+02 2.00000e+01 8.59000e+01 1.04817e-11
