chi=5.23599e-01 eps_A=5.00000e-11 eps_I=1.00000e-09  t_end=1.80e+11 ts=9.00e+06 ta=2.00e+06 tp=1.00e+05
1.0000000000000000e-10 1.0000000000000000e+04  8.7266462599716477e-01
6.0000000000000000e-10 1.0000000000000000e+04  8.7266462599716477e-01
3.1000000000000000e-09 9.9999999999999982e+03  8.7266462599716466e-01
1.5600000000000001e-08 9.9999999999999891e+03  8.7266462599716421e-01
7.8099999999999991e-08 9.9999999999999454e+03  8.7266462599716210e-01
3.9059999999999996e-07 9.9999999999997308e+03  8.7266462599715144e-01
1.9531000000000000e-06 9.9999999999986594e+03  8.7266462599709804e-01
9.7656000000000001e-06 9.9999999999933061e+03  8.7266462599683092e-01
4.8828100000000001e-05 9.9999999999665361e+03  8.7266462599549521e-01
2.4414060000000002e-04 9.9999999998326894e+03  8.7266462598881656e-01
1.2207031000000001e-03 9.9999999991634559e+03  8.7266462595542327e-01
6.1035155999999997e-03 9.9999999958172921e+03  8.7266462578845694e-01
3.0517578099999998e-02 9.9999999790864695e+03  8.7266462495362507e-01
1.5258789060000000e-01 9.9999998954323564e+03  8.7266462077946572e-01
7.6293945310000000e-01 9.9999994771618294e+03  8.7266459990866996e-01
3.8146972656000000e+00 9.9999973858101148e+03  8.7266449555471526e-01
1.9073486328100000e+01 9.9999869290744864e+03  8.7266397378553906e-01
9.5367431640600003e+01 9.9999346459700537e+03  8.7266136495458591e-01
4.7683715820309999e+02 9.9996732447897866e+03  8.7264832117299995e-01
2.3841857910156000e+03 9.9983665973234511e+03  8.7258311159263469e-01
1.1920928955078100e+04 9.9918423068406973e+03  8.7225729663934626e-01
5.9604644775390596e+04 9.9594427867535906e+03  8.7063401569997834e-01
2.3779282795461535e+05 9.8415446020538511e+03  8.6465176585421710e-01
7.6666594997172302e+05 9.5184495820449320e+03  8.4762693627537133e-01
1.3905550038389328e+06 9.1813196652303650e+03  8.2880835815624210e-01
2.0754582057899786e+06 8.8558054579630170e+03  8.0952408027308742e-01
2.8239471468761507e+06 8.5431571426952123e+03  7.8987762121740479e-01
3.6419783436656054e+06 8.2429613906802751e+03  7.6988484135940993e-01
4.5363872823388800e+06 7.9547027600432848e+03  7.4955676299946061e-01
5.5147288032186078e+06 7.6778805208162039e+03  7.2890650566921034e-01
6.5853718522060551e+06 7.4120046207205651e+03  7.0794919878369367e-01
7.7575306480186842e+06 7.1566089555997414e+03  6.8670328732453478e-01
9.0414108211596739e+06 6.9112363400099612e+03  6.6518966562305959e-01
1.0448294432451297e+07 6.6754431256709995e+03  6.4343228107161465e-01
1.1990613996608920e+07 6.4488037390463132e+03  6.2145885868945983e-01
1.3682093154152900e+07 6.2309045228091691e+03  5.9930063662260513e-01
1.5537866928179851e+07 6.0213437424839349e+03  5.7699257764460010e-01
1.7574648061468940e+07 5.8197277903489976e+03  5.5457310786917113e-01
1.9810699428319581e+07 5.6256862773963740e+03  5.3208592006396549e-01
2.2266182135562345e+07 5.4388502470881313e+03  5.0957757975792695e-01
2.4953788999251846e+07 5.2594517067533852e+03  4.8717335700963132e-01
2.7895022165644892e+07 5.0870782937339363e+03  4.6492568482498692e-01
3.1114587893655822e+07 4.9212655694163477e+03  4.4287949224420187e-01
3.4639851250322565e+07 4.7615658743662934e+03  4.2107996874808090e-01
3.8501117572113104e+07 4.6075511006067918e+03  3.9957253424511646e-01
4.2731875152000904e+07 4.4588169778027232e+03  3.7840302857493680e-01
4.7369265231255196e+07 4.3149795881321643e+03  3.5761677144244070e-01
5.2454295020211928e+07 4.1756821518344068e+03  3.3725902871947877e-01
5.8032533981235534e+07 4.0405880531948637e+03  3.1737345023113789e-01
6.4154498659239963e+07 3.9093857963077589e+03  2.9800219386864074e-01
7.0876284421399221e+07 3.7817882901722082e+03  2.7918522000988483e-01
7.8260200233887807e+07 3.6575339328994655e+03  2.6095985633560304e-01
8.6375364577010825e+07 3.5363890024227389e+03  2.4336057988041318e-01
9.5279605345362291e+07 3.4183832816855806e+03  2.2645196781278693e-01
1.0502746250131884e+08 3.3035991568762370e+03  2.1029555685702978e-01
1.1569407953258082e+08 3.1919028022792709e+03  1.9491137739081091e-01
1.2736207698254442e+08 3.0831681416306023e+03  1.8031087182528113e-01
1.4012215252671692e+08 2.9772812204857128e+03  1.6649795287547139e-01
1.5407222387273732e+08 2.8741530569570491e+03  1.5347123069650090e-01
1.6931950937806529e+08 2.7737061593772978e+03  1.4122288461846819e-01
1.8597992337849075e+08 2.6758826058746149e+03  1.2974043934720439e-01
2.0417886763433820e+08 2.5806396532817248e+03  1.1900697406984696e-01
2.2405183359352162e+08 2.4879470592685725e+03  1.0900162127468740e-01
2.4574436182437578e+08 2.3977869828209623e+03  9.9700360835759810e-02
2.6941447882487488e+08 2.3101436618076623e+03  9.1075770786817972e-02
2.9523038116627997e+08 2.2250126781147228e+03  8.3098776874327276e-02
3.2337331456588584e+08 2.1423892343738071e+03  7.5738224877298241e-02
3.5403651530665863e+08 2.0622715410084929e+03  6.8961917392807243e-02
3.8742862239405328e+08 1.9846515874134384e+03  6.2736467425753076e-02
4.2377302907126737e+08 1.9095186668653791e+03  5.7028224513043915e-02
4.6331070979572314e+08 1.8368547752672700e+03  5.1803434947172371e-02
5.0630022914881545e+08 1.7666370692234400e+03  4.7028878131677734e-02
5.5302119174173892e+08 1.6988344628525729e+03  4.2671986647002093e-02
6.0377566456184912e+08 1.6334091087373772e+03  3.8701246625036413e-02
6.5889068066501844e+08 1.5703165573404128e+03  3.5086419297179997e-02
7.1871811096767199e+08 1.5095090507088578e+03  3.1798863020301549e-02
7.8364174860844588e+08 1.4509312908889628e+03  2.8811373236164745e-02
8.5407481501574445e+08 1.3945266367361403e+03  2.6098547358029599e-02
9.3046937646754050e+08 1.3402323617626571e+03  2.3636532710955654e-02
1.0133135145019189e+09 1.2879856283570300e+03  2.1403275405828450e-02
1.1031337023942990e+09 1.2377238568754562e+03  1.9378443567728543e-02
1.2005057297402005e+09 1.1893810626875984e+03  1.7543192796500649e-02
1.3060473516783025e+09 1.1428944263773674e+03  1.5880332678348676e-02
1.4204387324729490e+09 1.0981970710912310e+03  1.4373957389508564e-02
1.5444103420350578e+09 1.0552261153288698e+03  1.3009636708067098e-02
1.6787507411799715e+09 1.0139205928529224e+03  1.1774222992524647e-02
1.8243236764159164e+09 9.7421808343151838e+02  1.0655654173567524e-02
1.9820579947495725e+09 9.3605984515513535e+02  9.6430145911101141e-03
2.1529631700147572e+09 8.9938794529508380e+02  8.7263578837900521e-03
2.3381343661422348e+09 8.6414596660751124e+02  7.8966450430437585e-03
2.5387563549221787e+09 8.3027966214180049e+02  7.1456808681435603e-03
2.7561154435630164e+09 7.9773616524561999e+02  6.4660220470332446e-03
2.9916019425916729e+09 7.6646492242801048e+02  5.8509299387868004e-03
3.2467203608315921e+09 7.3641727245319385e+02  5.2942978352459036e-03
3.5231044882105279e+09 7.0754578967012640e+02  4.7905825077274441e-03
3.8225316030645475e+09 6.7980416488665207e+02  4.3347530385624113e-03
4.1469205854717197e+09 6.5314853941973104e+02  3.9222660538914588e-03
4.4983450043764124e+09 6.2753705810145652e+02  3.5490123477660666e-03
4.8790539625429964e+09 6.0292915540841079e+02  3.2112665089737372e-03
5.2914831440619478e+09 5.7928581068277720e+02  2.9056556813484044e-03
5.7382872636242027e+09 5.5656867540242388e+02  2.6291167649371461e-03
6.2223331299365921e+09 5.3474148295763280e+02  2.3788854323670209e-03
6.7467002768757124e+09 5.1377038969402145e+02  2.1524705543375013e-03
7.3147640398635540e+09 4.9362124472758700e+02  1.9475998242088470e-03
7.9301651681362295e+09 4.7426189622889365e+02  1.7622242610779179e-03
8.5968527347160168e+09 4.5566131159666674e+02  1.5944884198560681e-03
9.3190966480464058e+09 4.3778990106952182e+02  1.4427153224979489e-03
1.0101523368009661e+10 4.2061918001010224e+02  1.3053868611527951e-03
1.0949155133464609e+10 4.0412156589482947e+02  1.1811276501718935e-03
1.1867428758659500e+10 3.8827066395507603e+02  1.0686940428092507e-03
1.2862209044352461e+10 3.7304148644560615e+02  9.6696313557702209e-04
1.3939879302295177e+10 3.5840952913792512e+02  8.7491542069884662e-04
1.5107361146685978e+10 3.4435121560477546e+02  7.9162836680343762e-04
1.6372131917067802e+10 3.3084416085319202e+02  7.1626884326159515e-04
1.7742318956455795e+10 3.1786658819206713e+02  6.4808152373210673e-04
1.9226682940696690e+10 3.0539798052334464e+02  5.8638505594790541e-04
2.0834774360549114e+10 2.9341813249702653e+02  5.3056049038483996e-04
2.2576889137408009e+10 2.8190802970035617e+02  4.8004968056463088e-04
2.4464180808663754e+10 2.7084936430453035e+02  4.3434732355009922e-04
2.6508774295969044e+10 2.6022430783737138e+02  3.9299522791059116e-04
2.8723775973972862e+10 2.5001590006446708e+02  3.5557949889474861e-04
3.1123352252803726e+10 2.4020796045588665e+02  3.2172599014882131e-04
3.3722931682862259e+10 2.3078461471919559e+02  2.9109503801881797e-04
3.6539240255403107e+10 2.2173063134185745e+02  2.6337946683313779e-04
3.9590286898784500e+10 2.1303172921719775e+02  2.3830240230136800e-04
4.2895659181380486e+10 2.0467394302849934e+02  2.1561257521300378e-04
4.6476584688529495e+10 1.9664385548809548e+02  1.9508265307210590e-04
5.0356066351132072e+10 1.8892858165607475e+02  1.7650697296437413e-04
5.4558953605007446e+10 1.8151587650555595e+02  1.5969975622110420e-04
5.9112216114788055e+10 1.7439387576216367e+02  1.4449266048270290e-04
6.4045160244535530e+10 1.6755106730884239e+02  1.3073314615660864e-04
6.9389250114758331e+10 1.6097676194373756e+02  1.1828391391104253e-04
7.5179059339043396e+10 1.5466010878821280e+02  1.0701964311172606e-04
8.1451507732776001e+10 1.4859127750737949e+02  9.6828011443513158e-05
8.8247096694477356e+10 1.4276033283963795e+02  8.7606554905083120e-05
9.5609409378053329e+10 1.3715801334194137e+02  7.9263033353573121e-05
1.0358557450604634e+11 1.3177546130805027e+02  7.1714023214982601e-05
1.1222718552624628e+11 1.2660383298647231e+02  6.4883588437886940e-05
1.2158927423020419e+11 1.2163514054377278e+02  5.8703686991188150e-05
1.3173254385035684e+11 1.1686114255513850e+02  5.3112047769236912e-05
1.4272179409053888e+11 1.1227439525035983e+02  4.8052892806945934e-05
1.5462777855218317e+11 1.0786749946907231e+02  4.3475466898744181e-05
1.6752703447289505e+11 1.0363340370260262e+02  3.9333911147030794e-05
1.8000000000000000e+11 9.9979848681447706e+01  3.5958280410998637e-05
